0 0.921875 0.507812 0.921875 0.511719 0.925781 0.515625 0.925781 0.519531 0.929688 0.523438 0.929688 0.527344 0.933594 0.531250 0.933594 0.542969 0.941406 0.550781 0.945312 0.550781 0.949219 0.554688 0.953125 0.554688 0.957031 0.558594 0.984375 0.558594 0.988281 0.554688 0.988281 0.550781 0.968750 0.550781 0.964844 0.546875 0.960938 0.546875 0.957031 0.542969 0.949219 0.542969 0.941406 0.535156 0.941406 0.523438 0.937500 0.519531 0.937500 0.511719 0.933594 0.511719 0.929688 0.507812
0 0.863281 0.472656 0.863281 0.476562 0.867188 0.480469 0.867188 0.484375 0.871094 0.488281 0.871094 0.496094 0.875000 0.500000 0.875000 0.503906 0.878906 0.507812 0.890625 0.507812 0.894531 0.511719 0.910156 0.511719 0.910156 0.503906 0.906250 0.503906 0.902344 0.500000 0.890625 0.500000 0.882812 0.492188 0.882812 0.488281 0.878906 0.484375 0.878906 0.480469 0.871094 0.472656
0 0.839844 0.453125 0.835938 0.457031 0.832031 0.457031 0.828125 0.460938 0.824219 0.460938 0.824219 0.464844 0.843750 0.464844 0.847656 0.460938 0.851562 0.460938 0.851562 0.453125
0 0.671875 0.429688 0.664062 0.437500 0.660156 0.437500 0.656250 0.441406 0.656250 0.445312 0.664062 0.445312 0.667969 0.441406 0.671875 0.441406 0.675781 0.437500 0.675781 0.429688
0 0.722656 0.421875 0.722656 0.425781 0.734375 0.425781 0.738281 0.429688 0.738281 0.433594 0.746094 0.441406 0.746094 0.453125 0.753906 0.453125 0.753906 0.449219 0.750000 0.445312 0.750000 0.437500 0.746094 0.433594 0.746094 0.429688 0.738281 0.421875
0 0.511719 0.347656 0.511719 0.351562 0.519531 0.359375 0.523438 0.359375 0.531250 0.367188 0.535156 0.367188 0.546875 0.378906 0.550781 0.378906 0.554688 0.382812 0.558594 0.382812 0.562500 0.386719 0.566406 0.386719 0.582031 0.402344 0.582031 0.406250 0.585938 0.410156 0.589844 0.410156 0.601562 0.421875 0.605469 0.421875 0.613281 0.429688 0.617188 0.429688 0.621094 0.433594 0.625000 0.433594 0.628906 0.437500 0.628906 0.441406 0.640625 0.453125 0.640625 0.457031 0.644531 0.457031 0.644531 0.453125 0.648438 0.449219 0.648438 0.445312 0.632812 0.429688 0.628906 0.429688 0.625000 0.425781 0.621094 0.425781 0.617188 0.421875 0.613281 0.421875 0.597656 0.406250 0.593750 0.406250 0.585938 0.398438 0.585938 0.394531 0.566406 0.375000 0.562500 0.375000 0.558594 0.371094 0.554688 0.371094 0.550781 0.367188 0.542969 0.367188 0.535156 0.359375 0.531250 0.359375 0.519531 0.347656
0 0.406250 0.281250 0.406250 0.300781 0.410156 0.304688 0.410156 0.328125 0.429688 0.347656 0.433594 0.347656 0.445312 0.359375 0.449219 0.359375 0.453125 0.363281 0.460938 0.363281 0.468750 0.371094 0.468750 0.375000 0.480469 0.386719 0.484375 0.386719 0.484375 0.378906 0.472656 0.367188 0.472656 0.363281 0.468750 0.363281 0.464844 0.359375 0.460938 0.359375 0.457031 0.355469 0.453125 0.355469 0.445312 0.347656 0.441406 0.347656 0.414062 0.320312 0.414062 0.296875 0.410156 0.292969 0.410156 0.281250
0 0.320312 0.152344 0.320312 0.160156 0.324219 0.160156 0.328125 0.164062 0.335938 0.164062 0.355469 0.183594 0.355469 0.187500 0.359375 0.191406 0.359375 0.195312 0.367188 0.203125 0.367188 0.207031 0.375000 0.214844 0.378906 0.214844 0.386719 0.222656 0.386719 0.226562 0.390625 0.226562 0.394531 0.230469 0.390625 0.234375 0.386719 0.234375 0.386719 0.238281 0.402344 0.238281 0.410156 0.246094 0.410156 0.253906 0.414062 0.257812 0.417969 0.257812 0.417969 0.253906 0.414062 0.250000 0.414062 0.230469 0.402344 0.218750 0.394531 0.218750 0.390625 0.214844 0.386719 0.214844 0.371094 0.199219 0.371094 0.195312 0.363281 0.187500 0.363281 0.183594 0.355469 0.175781 0.355469 0.171875 0.343750 0.160156 0.335938 0.160156 0.332031 0.156250 0.328125 0.156250 0.324219 0.152344
0 0.234375 0.128906 0.234375 0.132812 0.238281 0.136719 0.253906 0.136719 0.257812 0.140625 0.261719 0.140625 0.265625 0.144531 0.273438 0.144531 0.273438 0.140625 0.269531 0.136719 0.261719 0.136719 0.257812 0.132812 0.242188 0.132812 0.238281 0.128906
0 0.058594 0.023438 0.058594 0.031250 0.054688 0.035156 0.054688 0.058594 0.050781 0.062500 0.050781 0.070312 0.046875 0.074219 0.046875 0.101562 0.042969 0.105469 0.042969 0.128906 0.070312 0.156250 0.070312 0.160156 0.074219 0.164062 0.074219 0.167969 0.078125 0.171875 0.078125 0.175781 0.082031 0.179688 0.082031 0.187500 0.085938 0.191406 0.085938 0.195312 0.093750 0.203125 0.093750 0.207031 0.097656 0.210938 0.097656 0.214844 0.101562 0.218750 0.101562 0.222656 0.105469 0.222656 0.109375 0.218750 0.109375 0.207031 0.105469 0.203125 0.105469 0.199219 0.101562 0.195312 0.101562 0.191406 0.093750 0.183594 0.093750 0.179688 0.089844 0.175781 0.089844 0.167969 0.085938 0.164062 0.085938 0.160156 0.082031 0.156250 0.082031 0.152344 0.078125 0.152344 0.046875 0.121094 0.046875 0.109375 0.050781 0.105469 0.050781 0.082031 0.054688 0.078125 0.054688 0.070312 0.058594 0.066406 0.058594 0.042969 0.062500 0.039062 0.062500 0.023438
