0 0.113281 0.476562 0.109375 0.480469 0.109375 0.484375 0.105469 0.488281 0.101562 0.488281 0.101562 0.511719 0.105469 0.515625 0.105469 0.519531 0.101562 0.523438 0.101562 0.527344 0.097656 0.531250 0.097656 0.562500 0.085938 0.574219 0.082031 0.574219 0.082031 0.578125 0.070312 0.589844 0.070312 0.593750 0.066406 0.597656 0.066406 0.601562 0.054688 0.613281 0.054688 0.621094 0.046875 0.628906 0.046875 0.660156 0.042969 0.664062 0.042969 0.671875 0.035156 0.679688 0.035156 0.687500 0.031250 0.691406 0.023438 0.691406 0.023438 0.699219 0.019531 0.703125 0.015625 0.703125 0.011719 0.707031 0.011719 0.710938 0.003906 0.718750 0.003906 0.722656 0.000000 0.726562 0.000000 0.753906 0.003906 0.753906 0.007812 0.750000 0.011719 0.750000 0.019531 0.742188 0.019531 0.734375 0.015625 0.730469 0.015625 0.722656 0.027344 0.710938 0.035156 0.710938 0.039062 0.707031 0.039062 0.703125 0.054688 0.687500 0.054688 0.683594 0.058594 0.679688 0.058594 0.648438 0.062500 0.644531 0.074219 0.644531 0.078125 0.640625 0.085938 0.640625 0.089844 0.636719 0.089844 0.617188 0.093750 0.613281 0.093750 0.605469 0.097656 0.601562 0.097656 0.593750 0.101562 0.589844 0.101562 0.578125 0.105469 0.574219 0.105469 0.570312 0.113281 0.562500 0.117188 0.562500 0.117188 0.546875 0.121094 0.542969 0.121094 0.511719 0.125000 0.507812 0.125000 0.476562
0 0.179688 0.355469 0.179688 0.359375 0.164062 0.375000 0.164062 0.378906 0.160156 0.382812 0.156250 0.382812 0.148438 0.390625 0.132812 0.390625 0.132812 0.394531 0.128906 0.398438 0.128906 0.417969 0.132812 0.421875 0.132812 0.433594 0.128906 0.437500 0.128906 0.457031 0.132812 0.457031 0.132812 0.441406 0.136719 0.437500 0.136719 0.433594 0.140625 0.429688 0.140625 0.425781 0.144531 0.421875 0.164062 0.421875 0.175781 0.410156 0.187500 0.410156 0.191406 0.406250 0.203125 0.406250 0.207031 0.402344 0.207031 0.390625 0.183594 0.390625 0.175781 0.398438 0.171875 0.398438 0.167969 0.402344 0.164062 0.402344 0.156250 0.394531 0.160156 0.390625 0.160156 0.382812 0.164062 0.378906 0.171875 0.378906 0.179688 0.371094 0.179688 0.367188 0.183594 0.363281 0.183594 0.355469
0 0.851562 0.351562 0.847656 0.355469 0.835938 0.355469 0.835938 0.363281 0.859375 0.363281 0.878906 0.382812 0.882812 0.382812 0.890625 0.390625 0.894531 0.390625 0.898438 0.394531 0.902344 0.394531 0.906250 0.398438 0.910156 0.398438 0.914062 0.402344 0.925781 0.402344 0.933594 0.394531 0.921875 0.382812 0.914062 0.382812 0.906250 0.375000 0.902344 0.375000 0.898438 0.371094 0.894531 0.371094 0.890625 0.367188 0.886719 0.367188 0.882812 0.363281 0.878906 0.363281 0.871094 0.355469 0.871094 0.351562
0 0.710938 0.312500 0.710938 0.320312 0.714844 0.320312 0.718750 0.324219 0.738281 0.324219 0.742188 0.328125 0.742188 0.332031 0.750000 0.339844 0.750000 0.343750 0.761719 0.343750 0.765625 0.339844 0.769531 0.339844 0.773438 0.335938 0.773438 0.328125 0.761719 0.328125 0.757812 0.332031 0.753906 0.332031 0.750000 0.328125 0.750000 0.316406 0.730469 0.316406 0.726562 0.312500
0 0.683594 0.277344 0.675781 0.285156 0.671875 0.285156 0.660156 0.296875 0.656250 0.296875 0.656250 0.304688 0.648438 0.312500 0.632812 0.312500 0.632812 0.316406 0.636719 0.320312 0.656250 0.320312 0.656250 0.316406 0.660156 0.312500 0.675781 0.312500 0.675781 0.296875 0.679688 0.292969 0.683594 0.292969 0.691406 0.285156 0.691406 0.277344
0 0.554688 0.265625 0.554688 0.269531 0.558594 0.269531 0.562500 0.273438 0.562500 0.281250 0.570312 0.289062 0.574219 0.289062 0.578125 0.292969 0.582031 0.292969 0.585938 0.296875 0.605469 0.296875 0.609375 0.300781 0.613281 0.300781 0.617188 0.304688 0.625000 0.304688 0.625000 0.292969 0.621094 0.289062 0.617188 0.289062 0.605469 0.277344 0.601562 0.277344 0.597656 0.273438 0.593750 0.273438 0.589844 0.269531 0.585938 0.269531 0.582031 0.265625
0 0.691406 0.257812 0.691406 0.269531 0.703125 0.269531 0.710938 0.277344 0.726562 0.277344 0.730469 0.281250 0.738281 0.281250 0.742188 0.285156 0.753906 0.285156 0.757812 0.281250 0.773438 0.296875 0.796875 0.296875 0.800781 0.292969 0.808594 0.292969 0.808594 0.285156 0.800781 0.285156 0.796875 0.281250 0.777344 0.281250 0.769531 0.273438 0.757812 0.273438 0.753906 0.269531 0.742188 0.269531 0.738281 0.265625 0.734375 0.265625 0.730469 0.261719 0.714844 0.261719 0.710938 0.257812
0 0.503906 0.242188 0.503906 0.246094 0.507812 0.246094 0.511719 0.250000 0.511719 0.257812 0.515625 0.257812 0.519531 0.261719 0.519531 0.269531 0.539062 0.269531 0.542969 0.265625 0.542969 0.257812 0.539062 0.257812 0.531250 0.250000 0.527344 0.250000 0.523438 0.246094 0.519531 0.246094 0.515625 0.242188
0 0.203125 0.218750 0.203125 0.222656 0.199219 0.226562 0.199219 0.234375 0.187500 0.246094 0.187500 0.250000 0.179688 0.257812 0.179688 0.281250 0.183594 0.281250 0.183594 0.265625 0.187500 0.261719 0.187500 0.257812 0.199219 0.246094 0.199219 0.242188 0.203125 0.238281 0.203125 0.234375 0.207031 0.230469 0.207031 0.226562 0.210938 0.222656 0.210938 0.218750
0 0.449219 0.164062 0.449219 0.171875 0.457031 0.179688 0.437500 0.199219 0.437500 0.203125 0.429688 0.210938 0.425781 0.210938 0.421875 0.214844 0.417969 0.214844 0.414062 0.218750 0.410156 0.218750 0.410156 0.222656 0.402344 0.230469 0.386719 0.230469 0.382812 0.226562 0.378906 0.226562 0.375000 0.222656 0.355469 0.222656 0.355469 0.238281 0.363281 0.238281 0.367188 0.242188 0.371094 0.242188 0.375000 0.246094 0.382812 0.246094 0.386719 0.250000 0.398438 0.250000 0.414062 0.234375 0.417969 0.234375 0.429688 0.222656 0.437500 0.222656 0.445312 0.214844 0.449219 0.214844 0.457031 0.207031 0.464844 0.207031 0.468750 0.203125 0.472656 0.203125 0.476562 0.199219 0.480469 0.199219 0.480469 0.191406 0.476562 0.187500 0.476562 0.183594 0.472656 0.179688 0.476562 0.175781 0.480469 0.175781 0.480469 0.167969 0.472656 0.167969 0.468750 0.164062
0 0.210938 0.136719 0.210938 0.140625 0.214844 0.144531 0.214844 0.152344 0.218750 0.156250 0.218750 0.160156 0.214844 0.164062 0.210938 0.164062 0.210938 0.175781 0.214844 0.175781 0.214844 0.171875 0.218750 0.167969 0.230469 0.167969 0.230469 0.164062 0.234375 0.160156 0.238281 0.160156 0.238281 0.148438 0.230469 0.140625 0.222656 0.140625 0.218750 0.136719
